3 0.185000 0.502500 0.360000 0.995000
3 0.715000 0.502500 0.560000 0.995000
3 0.390000 0.110000 0.290000 0.220000
3 0.132500 0.737500 0.265000 0.295000
3 0.895000 0.402500 0.210000 0.285000
3 0.850000 0.432500 0.300000 0.275000
3 0.395000 0.320000 0.300000 0.300000
3 0.862500 0.137500 0.275000 0.275000
3 0.120000 0.315000 0.240000 0.290000
3 0.405000 0.200000 0.290000 0.290000
3 0.857500 0.322500 0.285000 0.285000
3 0.095000 0.880000 0.190000 0.240000
3 0.165000 0.380000 0.240000 0.300000
3 0.145000 0.337500 0.290000 0.295000