3 0.462500 0.385000 0.915000 0.760000
3 0.935000 0.402500 0.130000 0.345000
3 0.330000 0.932500 0.290000 0.135000
3 0.637500 0.872500 0.255000 0.255000
3 0.817500 0.730000 0.245000 0.300000
3 0.465000 0.387500 0.300000 0.275000
3 0.905000 0.857500 0.190000 0.285000
3 0.835000 0.320000 0.280000 0.290000
3 0.692500 0.915000 0.285000 0.170000
3 0.280000 0.630000 0.300000 0.290000
3 0.885000 0.455000 0.230000 0.290000
3 0.100000 0.132500 0.200000 0.265000
3 0.597500 0.772500 0.285000 0.295000
3 0.757500 0.147500 0.265000 0.265000