3 0.782500 0.782500 0.425000 0.435000
3 0.377500 0.502500 0.275000 0.975000
3 0.940000 0.520000 0.120000 0.120000
3 0.755000 0.367500 0.300000 0.295000
3 0.880000 0.880000 0.240000 0.240000
3 0.550000 0.250000 0.280000 0.280000
3 0.867500 0.397500 0.265000 0.295000
3 0.775000 0.417500 0.300000 0.295000
3 0.487500 0.100000 0.285000 0.200000
3 0.240000 0.727500 0.260000 0.285000
3 0.712500 0.602500 0.275000 0.295000
3 0.820000 0.177500 0.280000 0.275000
3 0.142500 0.792500 0.285000 0.295000
3 0.772500 0.235000 0.295000 0.290000