3 0.720000 0.517500 0.560000 0.945000
3 0.317500 0.845000 0.435000 0.300000
3 0.260000 0.537500 0.380000 0.895000
3 0.780000 0.900000 0.270000 0.200000
3 0.502500 0.287500 0.295000 0.285000
3 0.202500 0.410000 0.275000 0.290000
3 0.897500 0.855000 0.205000 0.290000
3 0.862500 0.810000 0.275000 0.240000
3 0.700000 0.827500 0.300000 0.295000
3 0.362500 0.132500 0.285000 0.265000
3 0.925000 0.382500 0.150000 0.295000
3 0.385000 0.500000 0.280000 0.300000
3 0.890000 0.122500 0.220000 0.245000
3 0.147500 0.720000 0.285000 0.300000