3 0.410000 0.377500 0.810000 0.745000
3 0.555000 0.845000 0.360000 0.310000
3 0.872500 0.685000 0.255000 0.620000
3 0.435000 0.817500 0.300000 0.295000
3 0.860000 0.200000 0.280000 0.280000
3 0.372500 0.565000 0.295000 0.290000
3 0.757500 0.267500 0.285000 0.295000
3 0.612500 0.550000 0.295000 0.290000
3 0.732500 0.160000 0.285000 0.290000
3 0.802500 0.430000 0.295000 0.270000
3 0.920000 0.382500 0.160000 0.295000
3 0.100000 0.325000 0.200000 0.290000
3 0.345000 0.700000 0.290000 0.300000
3 0.710000 0.700000 0.290000 0.290000
3 0.477500 0.860000 0.295000 0.270000