3 0.320000 0.502500 0.630000 0.995000
3 0.820000 0.502500 0.360000 0.995000
3 0.835000 0.727500 0.300000 0.275000
3 0.367500 0.685000 0.265000 0.270000
3 0.210000 0.860000 0.290000 0.280000
3 0.087500 0.335000 0.175000 0.290000
3 0.107500 0.695000 0.215000 0.270000
3 0.095000 0.890000 0.190000 0.220000
3 0.390000 0.505000 0.250000 0.240000
3 0.387500 0.880000 0.275000 0.240000
3 0.905000 0.685000 0.190000 0.270000
3 0.660000 0.787500 0.290000 0.285000
3 0.897500 0.727500 0.205000 0.295000
3 0.860000 0.082500 0.280000 0.165000