3 0.272500 0.457500 0.535000 0.905000
3 0.762500 0.405000 0.475000 0.800000
3 0.612500 0.542500 0.235000 0.345000
3 0.785000 0.902500 0.150000 0.185000
3 0.465000 0.605000 0.300000 0.290000
3 0.105000 0.907500 0.210000 0.185000
3 0.812500 0.197500 0.285000 0.295000
3 0.107500 0.202500 0.215000 0.285000
3 0.222500 0.240000 0.295000 0.300000
3 0.827500 0.687500 0.265000 0.285000
3 0.632500 0.090000 0.295000 0.180000
3 0.830000 0.090000 0.290000 0.180000
3 0.077500 0.872500 0.155000 0.255000
3 0.685000 0.137500 0.300000 0.275000