3 0.432500 0.502500 0.515000 0.975000
3 0.915000 0.465000 0.150000 0.920000
3 0.427500 0.760000 0.275000 0.290000
3 0.532500 0.817500 0.285000 0.285000
3 0.305000 0.392500 0.280000 0.295000
3 0.612500 0.750000 0.285000 0.290000
3 0.242500 0.077500 0.295000 0.155000
3 0.232500 0.867500 0.295000 0.265000
3 0.760000 0.737500 0.300000 0.295000
3 0.065000 0.097500 0.130000 0.195000
3 0.375000 0.787500 0.300000 0.295000
3 0.902500 0.147500 0.195000 0.295000
3 0.265000 0.102500 0.290000 0.205000
3 0.827500 0.105000 0.295000 0.210000