3 0.462500 0.385000 0.915000 0.760000
3 0.935000 0.402500 0.130000 0.345000
3 0.330000 0.932500 0.290000 0.135000
3 0.637500 0.872500 0.255000 0.255000
3 0.917500 0.887500 0.165000 0.225000
3 0.147500 0.445000 0.255000 0.300000
3 0.915000 0.370000 0.170000 0.270000
3 0.657500 0.885000 0.295000 0.230000
3 0.522500 0.812500 0.275000 0.285000
3 0.360000 0.715000 0.280000 0.300000
3 0.450000 0.222500 0.300000 0.285000
3 0.787500 0.270000 0.285000 0.300000
3 0.110000 0.440000 0.220000 0.300000
3 0.787500 0.137500 0.295000 0.235000
3 0.245000 0.837500 0.300000 0.285000
3 0.195000 0.170000 0.290000 0.300000