3 0.765000 0.495000 0.470000 0.980000
3 0.187500 0.485000 0.355000 0.960000
3 0.842500 0.875000 0.285000 0.250000
3 0.482500 0.147500 0.285000 0.295000
3 0.417500 0.305000 0.285000 0.280000
3 0.367500 0.080000 0.295000 0.160000
3 0.780000 0.695000 0.280000 0.300000
3 0.305000 0.497500 0.280000 0.285000
3 0.455000 0.255000 0.300000 0.290000
3 0.132500 0.685000 0.265000 0.300000
3 0.132500 0.892500 0.265000 0.215000
3 0.925000 0.905000 0.150000 0.190000
3 0.822500 0.857500 0.295000 0.285000
3 0.325000 0.537500 0.290000 0.285000