3 0.412500 0.787500 0.405000 0.335000
3 0.427500 0.375000 0.415000 0.550000
3 0.800000 0.595000 0.380000 0.790000
3 0.090000 0.382500 0.170000 0.755000
3 0.487500 0.202500 0.285000 0.295000
3 0.300000 0.580000 0.280000 0.300000
3 0.700000 0.525000 0.290000 0.300000
3 0.925000 0.265000 0.150000 0.300000
3 0.880000 0.545000 0.240000 0.260000
3 0.460000 0.842500 0.290000 0.285000
3 0.287500 0.295000 0.265000 0.300000
3 0.352500 0.615000 0.275000 0.300000
3 0.112500 0.925000 0.225000 0.150000
3 0.137500 0.920000 0.275000 0.160000