3 0.792500 0.502500 0.405000 0.995000
3 0.232500 0.500000 0.415000 0.990000
3 0.080000 0.802500 0.160000 0.275000
3 0.110000 0.572500 0.220000 0.295000
3 0.692500 0.790000 0.295000 0.290000
3 0.075000 0.212500 0.150000 0.255000
3 0.885000 0.905000 0.230000 0.190000
3 0.835000 0.140000 0.290000 0.260000
3 0.870000 0.337500 0.260000 0.295000
3 0.207500 0.815000 0.285000 0.300000
3 0.355000 0.475000 0.260000 0.300000
3 0.552500 0.742500 0.265000 0.295000
3 0.847500 0.335000 0.285000 0.290000
3 0.195000 0.685000 0.300000 0.290000