3 0.550000 0.322500 0.900000 0.635000
3 0.240000 0.835000 0.220000 0.310000
3 0.107500 0.415000 0.195000 0.330000
3 0.690000 0.647500 0.610000 0.595000
3 0.765000 0.135000 0.290000 0.270000
3 0.102500 0.897500 0.205000 0.205000
3 0.662500 0.720000 0.275000 0.300000
3 0.767500 0.822500 0.275000 0.285000
3 0.287500 0.885000 0.275000 0.230000
3 0.280000 0.515000 0.290000 0.300000
3 0.632500 0.922500 0.255000 0.155000
3 0.102500 0.857500 0.205000 0.285000
3 0.130000 0.685000 0.260000 0.290000
3 0.742500 0.665000 0.295000 0.280000
3 0.362500 0.540000 0.285000 0.300000