3 0.235000 0.497500 0.460000 0.985000
3 0.782500 0.492500 0.425000 0.625000
3 0.547500 0.320000 0.135000 0.630000
3 0.140000 0.267500 0.280000 0.285000
3 0.335000 0.540000 0.290000 0.220000
3 0.755000 0.667500 0.300000 0.295000
3 0.587500 0.557500 0.235000 0.275000
3 0.477500 0.860000 0.265000 0.270000
3 0.192500 0.365000 0.265000 0.280000
3 0.620000 0.850000 0.260000 0.260000
3 0.435000 0.132500 0.280000 0.265000
3 0.325000 0.685000 0.270000 0.270000
3 0.625000 0.097500 0.280000 0.195000
3 0.475000 0.767500 0.290000 0.295000
3 0.250000 0.900000 0.250000 0.200000