3 0.400000 0.497500 0.790000 0.985000
3 0.875000 0.520000 0.200000 0.830000
3 0.097500 0.392500 0.195000 0.295000
3 0.655000 0.725000 0.300000 0.290000
3 0.900000 0.135000 0.200000 0.270000
3 0.840000 0.437500 0.300000 0.295000
3 0.505000 0.582500 0.290000 0.295000
3 0.275000 0.835000 0.300000 0.300000
3 0.480000 0.890000 0.290000 0.220000
3 0.667500 0.837500 0.275000 0.285000
3 0.897500 0.100000 0.205000 0.200000
3 0.205000 0.097500 0.290000 0.195000
3 0.257500 0.775000 0.295000 0.290000
3 0.545000 0.697500 0.300000 0.295000