3 0.572500 0.435000 0.385000 0.860000
3 0.537500 0.940000 0.305000 0.120000
3 0.887500 0.755000 0.225000 0.470000
3 0.920000 0.077500 0.160000 0.145000
3 0.887500 0.137500 0.225000 0.275000
3 0.527500 0.615000 0.295000 0.300000
3 0.550000 0.867500 0.300000 0.265000
3 0.702500 0.640000 0.295000 0.280000
3 0.402500 0.082500 0.295000 0.165000
3 0.465000 0.907500 0.290000 0.185000
3 0.912500 0.232500 0.175000 0.295000
3 0.092500 0.447500 0.185000 0.285000
3 0.790000 0.260000 0.300000 0.290000
3 0.507500 0.687500 0.285000 0.285000
3 0.080000 0.122500 0.160000 0.245000