3 0.562500 0.717500 0.765000 0.525000
3 0.515000 0.352500 0.930000 0.635000
3 0.072500 0.155000 0.135000 0.300000
3 0.465000 0.052500 0.150000 0.095000
3 0.522500 0.472500 0.265000 0.255000
3 0.895000 0.462500 0.210000 0.295000
3 0.562500 0.270000 0.295000 0.300000
3 0.087500 0.377500 0.175000 0.295000
3 0.805000 0.755000 0.280000 0.270000
3 0.897500 0.132500 0.205000 0.265000
3 0.477500 0.187500 0.275000 0.295000
3 0.772500 0.475000 0.295000 0.300000
3 0.270000 0.137500 0.290000 0.275000
3 0.340000 0.540000 0.300000 0.300000
3 0.140000 0.885000 0.280000 0.230000
3 0.120000 0.780000 0.240000 0.300000