3 0.510000 0.457500 0.980000 0.905000
3 0.612500 0.937500 0.245000 0.115000
3 0.870000 0.887500 0.220000 0.225000
3 0.845000 0.687500 0.280000 0.285000
3 0.772500 0.432500 0.295000 0.295000
3 0.855000 0.472500 0.290000 0.285000
3 0.917500 0.367500 0.165000 0.295000
3 0.480000 0.600000 0.270000 0.280000
3 0.090000 0.275000 0.180000 0.300000
3 0.490000 0.762500 0.290000 0.295000
3 0.300000 0.247500 0.300000 0.275000
3 0.917500 0.575000 0.165000 0.290000
3 0.582500 0.180000 0.295000 0.300000
3 0.652500 0.710000 0.295000 0.290000
3 0.112500 0.170000 0.225000 0.290000